Datum/tijd (MET);Astronomisch;Gemeten waterstand;Verwachte opzet;Verwachting RWS
2018-01-23 12:00;-80;-86;-6;-86
2018-01-23 12:10;-79;-88;-9;-88
2018-01-23 12:20;-77;-89;-12;-89
2018-01-23 12:30;-75;-88;-13;-88
2018-01-23 12:40;-73;-85;-12;-85
2018-01-23 12:50;-71;-82;-11;-82
2018-01-23 13:00;-70;-81;-9;-79
2018-01-23 13:10;-69;-80;-11;-80
2018-01-23 13:20;-68;-78;-14;-82
2018-01-23 13:30;-67;-76;-16;-83
2018-01-23 13:40;-67;-77;-15;-82
2018-01-23 13:50;-66;-78;-16;-82
2018-01-23 14:00;-66;-79;-18;-84
2018-01-23 14:10;-66;-81;-19;-85
2018-01-23 14:20;-67;-82;-20;-87
2018-01-23 14:30;-67;-83;-22;-89
2018-01-23 14:40;-66;-84;-23;-89
2018-01-23 14:50;-65;-84;-24;-89
2018-01-23 15:00;-64;-84;-25;-89
2018-01-23 15:10;-62;-84;-28;-90
2018-01-23 15:20;-60;-84;-29;-89
2018-01-23 15:30;-56;-83;-31;-87
2018-01-23 15:40;-52;-81;-32;-84
2018-01-23 15:50;-48;-79;-34;-82
2018-01-23 16:00;-42;-76;-35;-77
2018-01-23 16:10;-36;-70;-35;-71
2018-01-23 16:20;-30;-63;-33;-63
2018-01-23 16:30;-22;-55;-30;-52
2018-01-23 16:40;-13;-41;-29;-42
2018-01-23 16:50;-3;-29;-26;-29
2018-01-23 17:00;9;-14;-21;-12
2018-01-23 17:10;22;4;-17;5
2018-01-23 17:20;36;23;-14;22
2018-01-23 17:30;51;40;-12;39
2018-01-23 17:40;66;59;-11;55
2018-01-23 17:50;80;74;-12;68
2018-01-23 18:00;93;87;-10;83
2018-01-23 18:10;104;96;-15;89
2018-01-23 18:20;113;99;-20;93
2018-01-23 18:30;120;100;-25;95
2018-01-23 18:40;124;100;-30;94
2018-01-23 18:50;125;96;-34;91
2018-01-23 19:00;125;92;-37;88
2018-01-23 19:10;123;85;-38;85
2018-01-23 19:20;120;80;-37;83
2018-01-23 19:30;116;77;-35;81
2018-01-23 19:40;112;74;-32;80
2018-01-23 19:50;107;68;-29;78
2018-01-23 20:00;103;63;-28;75
2018-01-23 20:10;99;60;-27;72
2018-01-23 20:20;94;55;-26;68
2018-01-23 20:30;90;52;-26;64
2018-01-23 20:40;84;48;-26;58
2018-01-23 20:50;79;42;-25;54
2018-01-23 21:00;73;39;-25;48
2018-01-23 21:10;66;34;-22;44
2018-01-23 21:20;60;29;-22;38
2018-01-23 21:30;53;25;-20;33
2018-01-23 21:40;45;20;-18;27
2018-01-23 21:50;38;14;-17;21
2018-01-23 22:00;31;9;-17;14
2018-01-23 22:10;23;4;-16;7
2018-01-23 22:20;15;-4;-15;0
2018-01-23 22:30;7;-10;-14;-7
2018-01-23 22:40;-1;-16;-13;-14
2018-01-23 22:50;-8;-22;-12;-20
2018-01-23 23:00;-15;-26;-10;-25
2018-01-23 23:10;-21;-29;-8;-29
2018-01-23 23:20;-27;-31;-4;-31
2018-01-23 23:30;-31;-32;-2;-33
2018-01-23 23:40;-34;-29;-1;-35
2018-01-23 23:50;-36;-30;0;-36
2018-01-24 00:00;-37;-27;11;-26
2018-01-24 00:10;-38;-24;13;-25
2018-01-24 00:20;-37;-23;13;-24
2018-01-24 00:30;-37;-23;11;-26
2018-01-24 00:40;-37;-25;9;-28
2018-01-24 00:50;-36;-26;6;-30
2018-01-24 01:00;-36;-27;2;-34
2018-01-24 01:10;-37;-30;-1;-38
2018-01-24 01:20;-37;-36;-6;-43
2018-01-24 01:30;-38;-40;-9;-47
2018-01-24 01:40;-39;-42;-12;-51
2018-01-24 01:50;-40;-48;-13;-53
2018-01-24 02:00;-40;-51;-15;-55
2018-01-24 02:10;-41;-53;-15;-56
2018-01-24 02:20;-41;-55;-15;-56
2018-01-24 02:30;-42;-53;-15;-57
2018-01-24 02:40;-42;-52;-14;-56
2018-01-24 02:50;-41;-52;-14;-55
2018-01-24 03:00;-41;-52;-12;-53
2018-01-24 03:10;-40;-51;-12;-52
2018-01-24 03:20;-38;-46;-12;-50
2018-01-24 03:30;-36;-45;-11;-47
2018-01-24 03:40;-33;-42;-11;-44
2018-01-24 03:50;-29;-41;-11;-40
2018-01-24 04:00;-25;-36;-9;-34
2018-01-24 04:10;-21;-30;-7;-28
2018-01-24 04:20;-17;-24;-5;-22
2018-01-24 04:30;-12;-18;-2;-14
2018-01-24 04:40;-6;-11;0;-6
2018-01-24 04:50;-1;-1;3;2
2018-01-24 05:00;6;9;5;11
2018-01-24 05:10;13;20;7;20
2018-01-24 05:20;21;30;11;32
2018-01-24 05:30;30;41;15;45
2018-01-24 05:40;39;54;20;59
2018-01-24 05:50;50;67;23;73
2018-01-24 06:00;60;79;29;89
2018-01-24 06:10;71;91;29;100
2018-01-24 06:20;80;102;29;109
2018-01-24 06:30;89;111;27;116
2018-01-24 06:40;96;117;23;119
2018-01-24 06:50;102;120;18;120
2018-01-24 07:00;105;120;14;119
2018-01-24 07:10;107;119;11;118
2018-01-24 07:20;107;114;8;115
2018-01-24 07:30;106;108;6;112
2018-01-24 07:40;103;103;6;109
2018-01-24 07:50;100;96;8;108
2018-01-24 08:00;96;92;8;104
2018-01-24 08:10;92;86;9;101
2018-01-24 08:20;88;82;9;97
2018-01-24 08:30;83;79;11;94
2018-01-24 08:40;78;75;12;90
2018-01-24 08:50;73;70;12;85
2018-01-24 09:00;68;65;11;79
2018-01-24 09:10;61;59;12;73
2018-01-24 09:20;55;52;11;66
2018-01-24 09:30;48;45;10;58
2018-01-24 09:40;41;37;9;50
2018-01-24 09:50;33;28;9;42
2018-01-24 10:00;25;21;8;33
2018-01-24 10:10;17;12;7;24
2018-01-24 10:20;8;1;5;13
2018-01-24 10:30;-1;-7;4;3
2018-01-24 10:40;-10;-15;4;-6
2018-01-24 10:50;-20;-24;4;-16
2018-01-24 11:00;-29;-31;4;-25
2018-01-24 11:10;-39;-39;5;-34
2018-01-24 11:20;-48;-45;5;-43
2018-01-24 11:30;-56;-51;6;-50
2018-01-24 11:40;-63;-55;7;-56
2018-01-24 11:50;-69;-60;7;-62
2018-01-24 12:00;-74;-65;12;-62
2018-01-24 12:10;-78;-67;13;-65
2018-01-24 12:20;-80;-69;15;-65
2018-01-24 12:30;-82;-72;16;-66
2018-01-24 12:40;-82;-72;15;-67
2018-01-24 12:50;-82;-73;13;-69
2018-01-24 13:00;-81;-73;11;-70
2018-01-24 13:10;-79;-73;9;-70
2018-01-24 13:20;-78;-74;7;-71
2018-01-24 13:30;-76;-75;5;-71
2018-01-24 13:40;-75;-74;3;-72
2018-01-24 13:50;-73;-74;-1;-74
2018-01-24 14:00;-71;-75;-6;-77
2018-01-24 14:10;-69;-73;-9;-78
2018-01-24 14:20;-68;-73;-11;-79
2018-01-24 14:30;-66;-74;-14;-80
2018-01-24 14:40;-65;-75;-17;-82
2018-01-24 14:50;-64;-76;-20;-84
2018-01-24 15:00;-63;-74;-23;-86
2018-01-24 15:10;-62;-73;-25;-87
2018-01-24 15:20;-61;-72;-27;-88
2018-01-24 15:30;-60;-74;-29;-89
2018-01-24 15:40;-59;-71;-30;-89
2018-01-24 15:50;-58;-66;-29;-87
2018-01-24 16:00;-56;-65;-27;-83
2018-01-24 16:10;-53;-61;-25;-78
2018-01-24 16:20;-50;-59;-20;-70
2018-01-24 16:30;-47;-51;-12;-59
2018-01-24 16:40;-43;-41;-3;-46
2018-01-24 16:50;-38;-33;7;-31
2018-01-24 17:00;-32;-23;17;-15
2018-01-24 17:10;-26;-11;28;2
2018-01-24 17:20;-18;4;37;19
2018-01-24 17:30;-9;16;51;42
2018-01-24 17:40;1;32;54;55
2018-01-24 17:50;13;45;54;67
2018-01-24 18:00;26;60;51;77
2018-01-24 18:10;39;75;46;85
2018-01-24 18:20;53;87;40;93
2018-01-24 18:30;67;98;36;103
2018-01-24 18:40;80;107;30;110
2018-01-24 18:50;91;112;23;114
2018-01-24 19:00;101;118;14;115
2018-01-24 19:10;109;118;7;116
2018-01-24 19:20;115;114;-1;114
2018-01-24 19:30;118;110;-7;111
2018-01-24 19:40;120;107;-10;110
2018-01-24 19:50;120;100;-13;107
2018-01-24 20:00;119;94;-17;102
2018-01-24 20:10;117;91;-20;97
2018-01-24 20:20;114;88;-21;93
2018-01-24 20:30;111;86;-21;90
2018-01-24 20:40;107;83;-20;87
2018-01-24 20:50;102;80;-18;84
2018-01-24 21:00;98;77;-18;80
2018-01-24 21:10;92;73;-15;77
2018-01-24 21:20;87;68;-13;74
2018-01-24 21:30;81;62;-10;71
2018-01-24 21:40;75;59;-9;66
2018-01-24 21:50;68;53;-7;61
2018-01-24 22:00;62;46;-6;56
2018-01-24 22:10;55;43;-3;52
2018-01-24 22:20;49;39;0;49
2018-01-24 22:30;42;32;2;44
2018-01-24 22:40;35;30;2;37
2018-01-24 22:50;28;24;2;30
2018-01-24 23:00;20;19;5;25
2018-01-24 23:10;13;12;6;19
2018-01-24 23:20;5;4;8;13
2018-01-24 23:30;-3;-2;11;8
2018-01-24 23:40;-10;-8;11;1
2018-01-24 23:50;-17;-14;12;-5
2018-01-25 00:00;-23;-19;13;-10
2018-01-25 00:10;-28;-21;14;-14
2018-01-25 00:20;-32;-24;15;-17
2018-01-25 00:30;-35;-27;16;-19
2018-01-25 00:40;-37;-30;16;-21
2018-01-25 00:50;-38;-33;15;-23
2018-01-25 01:00;-39;-34;15;-24
2018-01-25 01:10;-39;-34;13;-26
2018-01-25 01:20;-40;-36;11;-29
2018-01-25 01:30;-40;-36;8;-32
2018-01-25 01:40;-40;-35;7;-33
2018-01-25 01:50;-41;-35;7;-34
2018-01-25 02:00;-41;-37;4;-37
2018-01-25 02:10;-42;-36;0;-42
2018-01-25 02:20;-42;-39;-3;-45
2018-01-25 02:30;-42;-41;-3;-45
2018-01-25 02:40;-41;-42;-4;-45
2018-01-25 02:50;-41;-41;-3;-44
2018-01-25 03:00;-40;-45;-4;-44
2018-01-25 03:10;-40;-45;-4;-44
2018-01-25 03:20;-39;-46;-5;-44
2018-01-25 03:30;-39;-46;-4;-43
2018-01-25 03:40;-38;-43;-3;-41
2018-01-25 03:50;-37;-42;-3;-40
2018-01-25 04:00;-35;-40;-3;-38
2018-01-25 04:10;-34;;0;-34
2018-01-25 04:20;-32;;3;-29
2018-01-25 04:30;-29;-25;5;-24
2018-01-25 04:40;-26;-21;8;-18
2018-01-25 04:50;-23;-14;11;-12
2018-01-25 05:00;-19;-9;15;-4
2018-01-25 05:10;-15;-3;19;4
2018-01-25 05:20;-10;4;24;14
2018-01-25 05:30;-5;11;29;24
2018-01-25 05:40;0;22;36;36
2018-01-25 05:50;6;33;42;48
2018-01-25 06:00;13;46;48;61
2018-01-25 06:10;20;58;54;74
2018-01-25 06:20;29;75;59;88
2018-01-25 06:30;38;90;66;104
2018-01-25 06:40;47;104;68;115
2018-01-25 06:50;57;118;70;127
2018-01-25 07:00;67;129;68;135
2018-01-25 07:10;76;137;66;142
2018-01-25 07:20;83;144;64;147
2018-01-25 07:30;90;147;59;149
2018-01-25 07:40;95;148;55;150
2018-01-25 07:50;99;149;52;151
2018-01-25 08:00;102;147;48;150
2018-01-25 08:10;103;145;44;147
2018-01-25 08:20;103;141;41;144
2018-01-25 08:30;101;136;41;142
2018-01-25 08:40;99;133;41;140
2018-01-25 08:50;97;129;41;138
2018-01-25 09:00;93;125;41;134
2018-01-25 09:10;89;121;41;130
2018-01-25 09:20;84;116;41;125
2018-01-25 09:30;79;112;44;123
2018-01-25 09:40;73;109;45;118
2018-01-25 09:50;67;104;46;113
2018-01-25 10:00;60;99;47;107
2018-01-25 10:10;53;93;48;101
2018-01-25 10:20;46;87;49;95
2018-01-25 10:30;39;79;49;88
2018-01-25 10:40;32;71;49;81
2018-01-25 10:50;24;62;50;74
2018-01-25 11:00;16;54;50;66
2018-01-25 11:10;8;45;49;57
2018-01-25 11:20;0;37;48;48
2018-01-25 11:30;-9;27;42;33
2018-01-25 11:40;-18;20;43;25
2018-01-25 11:50;-27;11;45;18
2018-01-25 12:00;-36;5;48;12
2018-01-25 12:10;-44;-1;49;5
2018-01-25 12:20;-52;-7;50;-2
2018-01-25 12:30;-59;-13;50;-9
2018-01-25 12:40;-65;-18;50;-15
2018-01-25 12:50;-69;-23;47;-22
2018-01-25 13:00;-73;-29;45;-28
2018-01-25 13:10;-76;-34;43;-33
2018-01-25 13:20;-78;-39;42;-36
2018-01-25 13:30;-79;-42;40;-39
2018-01-25 13:40;-80;-45;39;-41
2018-01-25 13:50;-80;-47;37;-43
2018-01-25 14:00;-79;-46;35;-44
2018-01-25 14:10;-79;-47;35;-44
2018-01-25 14:20;-77;-47;32;-45
2018-01-25 14:30;-76;-45;33;-43
2018-01-25 14:40;-74;-45;31;-43
2018-01-25 14:50;-72;-45;30;-42
2018-01-25 15:00;-69;-44;26;-43
2018-01-25 15:10;-67;-43;24;-43
2018-01-25 15:20;-65;-44;23;-42
2018-01-25 15:30;-63;-44;20;-43
2018-01-25 15:40;-61;-43;17;-44
2018-01-25 15:50;-59;-45;14;-45
2018-01-25 16:00;-58;-44;12;-46
2018-01-25 16:10;-57;-44;11;-46
2018-01-25 16:20;-56;-44;9;-47
2018-01-25 16:30;-55;-43;6;-49
2018-01-25 16:40;-53;-42;5;-48
2018-01-25 16:50;-52;-42;5;-47
2018-01-25 17:00;-50;-39;6;-44
2018-01-25 17:10;-48;-37;7;-41
2018-01-25 17:20;-45;-34;8;-37
2018-01-25 17:30;-42;-29;13;-29
2018-01-25 17:40;-38;-25;17;-21
2018-01-25 17:50;-33;-18;19;-14
2018-01-25 18:00;-28;-9;23;-5
2018-01-25 18:10;-21;0;26;5
2018-01-25 18:20;-13;10;29;16
2018-01-25 18:30;-3;21;32;29
2018-01-25 18:40;7;34;36;43
2018-01-25 18:50;19;48;38;57
2018-01-25 19:00;31;62;39;70
2018-01-25 19:10;43;76;40;83
2018-01-25 19:20;56;89;39;95
2018-01-25 19:30;67;101;37;104
2018-01-25 19:40;78;110;33;111
2018-01-25 19:50;88;116;28;116
2018-01-25 20:00;96;120;22;118
2018-01-25 20:10;102;122;17;119
2018-01-25 20:20;107;121;11;118
2018-01-25 20:30;111;120;6;117
2018-01-25 20:40;113;118;3;116
2018-01-25 20:50;114;116;3;117
2018-01-25 21:00;114;114;4;118
2018-01-25 21:10;113;112;2;115
2018-01-25 21:20;111;109;1;112
2018-01-25 21:30;108;106;4;112
2018-01-25 21:40;104;103;6;110
2018-01-25 21:50;100;98;5;105
2018-01-25 22:00;94;94;6;100
2018-01-25 22:10;88;89;8;96
2018-01-25 22:20;82;85;10;92
2018-01-25 22:30;76;81;12;88
2018-01-25 22:40;70;75;12;82
2018-01-25 22:50;64;71;12;76
2018-01-25 23:00;58;65;12;70
2018-01-25 23:10;52;59;12;64
2018-01-25 23:20;46;53;12;58
2018-01-25 23:30;39;46;12;51
2018-01-25 23:40;32;41;11;43
2018-01-25 23:50;25;34;12;37
2018-01-26 00:00;18;28;12;30
2018-01-26 00:10;10;21;13;23
2018-01-26 00:20;3;16;13;16
2018-01-26 00:30;-4;;14;10
2018-01-26 00:40;-11;6;16;5
2018-01-26 00:50;-17;0;17;0
2018-01-26 01:00;-22;-4;17;-5
2018-01-26 01:10;-26;-7;17;-9
2018-01-26 01:20;-30;-11;17;-13
2018-01-26 01:30;-32;-14;16;-16
2018-01-26 01:40;-35;-16;17;-18
2018-01-26 01:50;-36;-17;17;-19
2018-01-26 02:00;-38;-17;18;-20
2018-01-26 02:10;-40;-18;19;-21
2018-01-26 02:20;-41;-18;19;-22
2018-01-26 02:30;-42;-17;20;-22
2018-01-26 02:40;-43;-17;20;-23
2018-01-26 02:50;-44;-17;19;-25
2018-01-26 03:00;-44;-19;18;-26
2018-01-26 03:10;-44;-20;17;-27
2018-01-26 03:20;-43;-21;16;-27
2018-01-26 03:30;-42;-21;14;-28
2018-01-26 03:40;-41;-22;13;-28
2018-01-26 03:50;-40;-23;10;-30
2018-01-26 04:00;-39;-23;10;-29
2018-01-26 04:10;-38;-22;9;-29
2018-01-26 04:20;-37;-22;8;-29
2018-01-26 04:30;-36;-23;6;-30
2018-01-26 04:40;-35;-23;5;-30
2018-01-26 04:50;-34;-22;5;-29
2018-01-26 05:00;-32;-21;5;-27
2018-01-26 05:10;-31;-20;5;-26
2018-01-26 05:20;-29;-18;5;-24
2018-01-26 05:30;-26;-16;4;-22
2018-01-26 05:40;-24;-12;6;-18
2018-01-26 05:50;-21;-9;6;-15
2018-01-26 06:00;-18;-5;14;-4
2018-01-26 06:10;-14;0;14;0
2018-01-26 06:20;-10;4;15;5
2018-01-26 06:30;-6;10;16;10
2018-01-26 06:40;-1;16;17;16
2018-01-26 06:50;5;22;17;22
2018-01-26 07:00;11;28;18;29
2018-01-26 07:10;18;35;20;38
2018-01-26 07:20;26;45;21;47
2018-01-26 07:30;35;54;22;57
2018-01-26 07:40;44;64;23;67
2018-01-26 07:50;53;72;23;76
2018-01-26 08:00;61;83;24;85
2018-01-26 08:10;69;91;24;93
2018-01-26 08:20;76;96;21;97
2018-01-26 08:30;83;100;18;101
2018-01-26 08:40;88;104;16;104
2018-01-26 08:50;92;104;14;106
2018-01-26 09:00;96;105;11;107
2018-01-26 09:10;98;103;8;106
2018-01-26 09:20;99;101;6;105
2018-01-26 09:30;99;100;6;105
2018-01-26 09:40;98;97;5;103
2018-01-26 09:50;96;94;4;100
2018-01-26 10:00;93;91;4;97
2018-01-26 10:10;89;86;4;93
2018-01-26 10:20;84;82;5;89
2018-01-26 10:30;79;78;6;85
2018-01-26 10:40;73;72;7;80
2018-01-26 10:50;66;67;8;74
2018-01-26 11:00;60;62;8;68
2018-01-26 11:10;53;55;8;61
2018-01-26 11:20;46;49;9;55
2018-01-26 11:30;39;42;4;43
2018-01-26 11:40;33;34;2;35
2018-01-26 11:50;26;26;2;28
2018-01-26 12:00;19;19;0;19
2018-01-26 12:10;11;10;0;11
2018-01-26 12:20;3;3;0;3
2018-01-26 12:30;-5;-5;0;-5
2018-01-26 12:40;-13;-14;0;-13
2018-01-26 12:50;-21;-21;0;-21
2018-01-26 13:00;-29;-27;2;-27
2018-01-26 13:10;-37;-33;2;-35
2018-01-26 13:20;-44;-40;2;-42
2018-01-26 13:30;-50;-45;1;-49
2018-01-26 13:40;-56;-51;1;-55
2018-01-26 13:50;-60;-56;0;-60
2018-01-26 14:00;-64;-61;0;-64
2018-01-26 14:10;-68;-66;0;-68
2018-01-26 14:20;-70;-68;-1;-71
2018-01-26 14:30;-72;-71;-1;-73
2018-01-26 14:40;-74;-71;0;-74
2018-01-26 14:50;-75;-72;0;-75
2018-01-26 15:00;-75;-71;-1;-76
2018-01-26 15:10;-74;-70;-2;-76
2018-01-26 15:20;-73;-69;-1;-74
2018-01-26 15:30;-72;-67;0;-72
2018-01-26 15:40;-70;-65;0;-70
2018-01-26 15:50;-68;-62;-1;-69
2018-01-26 16:00;-65;-61;-3;-68
2018-01-26 16:10;-63;-60;-4;-67
2018-01-26 16:20;-61;-59;-6;-67
2018-01-26 16:30;-59;-57;-8;-67
2018-01-26 16:40;-57;-58;-10;-67
2018-01-26 16:50;-55;-57;-12;-67
2018-01-26 17:00;-54;-57;-13;-67
2018-01-26 17:10;-53;-59;-15;-68
2018-01-26 17:20;-53;-58;-15;-68
2018-01-26 17:30;-52;-58;-12;-64
2018-01-26 17:40;-51;-57;-11;-62
2018-01-26 17:50;-50;-56;-11;-61
2018-01-26 18:00;-49;-55;-10;-59
2018-01-26 18:10;-47;-54;-9;-56
2018-01-26 18:20;-45;-50;-6;-51
2018-01-26 18:30;-42;-45;-4;-46
2018-01-26 18:40;-39;-41;-2;-41
2018-01-26 18:50;-34;-37;-3;-37
2018-01-26 19:00;-29;-29;-1;-30
2018-01-26 19:10;-23;-20;0;-23
2018-01-26 19:20;-15;-13;1;-14
2018-01-26 19:30;-6;-5;1;-5
2018-01-26 19:40;3;6;3;6
2018-01-26 19:50;13;17;5;18
2018-01-26 20:00;24;28;8;32
2018-01-26 20:10;35;39;10;45
2018-01-26 20:20;46;52;12;58
2018-01-26 20:30;56;65;15;71
2018-01-26 20:40;66;77;15;81
2018-01-26 20:50;75;87;14;89
2018-01-26 21:00;84;93;12;96
2018-01-26 21:10;91;99;10;101
2018-01-26 21:20;97;103;7;104
2018-01-26 21:30;102;104;2;104
2018-01-26 21:40;106;104;-2;104
2018-01-26 21:50;109;100;-7;102
2018-01-26 22:00;110;98;-11;99
2018-01-26 22:10;110;96;-13;97
2018-01-26 22:20;109;93;-12;97
2018-01-26 22:30;107;90;-13;94
2018-01-26 22:40;103;87;-13;90
2018-01-26 22:50;99;84;-11;88
2018-01-26 23:00;94;82;-8;86
2018-01-26 23:10;88;78;-5;83
2018-01-26 23:20;83;74;-5;78
2018-01-26 23:30;77;68;-3;74
2018-01-26 23:40;72;62;-3;69
2018-01-26 23:50;66;56;-3;63
2018-01-27 00:00;61;50;-8;53
2018-01-27 00:10;55;43;-9;46
2018-01-27 00:20;50;37;-10;40
2018-01-27 00:30;44;32;-9;35
2018-01-27 00:40;37;26;-9;28
2018-01-27 00:50;31;19;-10;21
2018-01-27 01:00;24;12;-11;13
2018-01-27 01:10;17;3;-12;5
2018-01-27 01:20;10;-3;-13;-3
2018-01-27 01:30;3;-10;-15;-12
2018-01-27 01:40;-3;-17;-18;-21
2018-01-27 01:50;-9;-25;-19;-28
2018-01-27 02:00;-14;-31;-21;-35
2018-01-27 02:10;-18;-38;-24;-42
2018-01-27 02:20;-22;-45;-26;-48
2018-01-27 02:30;-26;-51;-28;-54
2018-01-27 02:40;-30;-55;-27;-57
2018-01-27 02:50;-33;-59;-27;-60
2018-01-27 03:00;-36;-61;-26;-62
2018-01-27 03:10;-39;-61;-24;-63
2018-01-27 03:20;-41;-62;-23;-64
2018-01-27 03:30;-43;-61;-22;-65
2018-01-27 03:40;-44;-61;-21;-65
2018-01-27 03:50;-45;-60;-21;-66
2018-01-27 04:00;-45;-59;-21;-66
2018-01-27 04:10;-44;-59;-21;-65
2018-01-27 04:20;-44;-60;-21;-65
2018-01-27 04:30;-42;;-22;-64
2018-01-27 04:40;-41;-59;-24;-65
2018-01-27 04:50;-40;-60;-26;-66
2018-01-27 05:00;-39;-62;-27;-66
2018-01-27 05:10;-38;-61;-29;-67
2018-01-27 05:20;-37;-60;-31;-68
2018-01-27 05:30;-36;-60;-33;-69
2018-01-27 05:40;-35;-60;-34;-69
2018-01-27 05:50;-35;-61;-34;-69
2018-01-27 06:00;-34;-61;-35;-69
2018-01-27 06:10;-32;-60;-37;-69
2018-01-27 06:20;-31;-59;-37;-68
2018-01-27 06:30;-29;-59;-36;-65
2018-01-27 06:40;-28;-57;-36;-64
2018-01-27 06:50;-26;-55;-36;-62
2018-01-27 07:00;-23;-52;-30;-53
2018-01-27 07:10;-21;-49;-29;-50
2018-01-27 07:20;-18;-46;-29;-47
2018-01-27 07:30;-14;-41;-29;-43
2018-01-27 07:40;-10;-38;-29;-39
2018-01-27 07:50;-5;-33;-29;-34
2018-01-27 08:00;1;-27;-29;-28
2018-01-27 08:10;8;-21;-30;-22
2018-01-27 08:20;15;-13;-28;-13
2018-01-27 08:30;24;-5;-28;-4
2018-01-27 08:40;32;4;-26;6
2018-01-27 08:50;41;14;-24;17
2018-01-27 09:00;49;26;-21;28
2018-01-27 09:10;58;36;-19;39
2018-01-27 09:20;66;45;-19;47
2018-01-27 09:30;73;54;-19;54
2018-01-27 09:40;80;60;-20;60
2018-01-27 09:50;86;64;-23;63
2018-01-27 10:00;91;67;-25;66
2018-01-27 10:10;95;66;-28;67
2018-01-27 10:20;98;66;-30;68
2018-01-27 10:30;100;65;-34;66
2018-01-27 10:40;100;62;-36;64
2018-01-27 10:50;99;60;-37;62
2018-01-27 11:00;97;58;-36;61
2018-01-27 11:10;93;54;-34;59
2018-01-27 11:20;89;52;-33;56
2018-01-27 11:30;84;48;-31;53
2018-01-27 11:40;78;42;-28;50
2018-01-27 11:50;72;37;-27;45
2018-01-27 12:00;66;32;-31;35
2018-01-27 12:10;60;25;-31;29
2018-01-27 12:20;54;20;-31;23
2018-01-27 12:30;49;12;-31;18
2018-01-27 12:40;43;5;-32;11
2018-01-27 12:50;37;0;-33;4
2018-01-27 13:00;31;-6;-34;-3
2018-01-27 13:10;24;-14;-35;-11
2018-01-27 13:20;17;-20;-36;-19
2018-01-27 13:30;10;-28;-37;-27
2018-01-27 13:40;2;-36;-38;-36
2018-01-27 13:50;-6;-43;-38;-44
2018-01-27 14:00;-14;-52;-39;-53
2018-01-27 14:10;-21;-61;-40;-61
2018-01-27 14:20;-29;-69;-39;-68
2018-01-27 14:30;-35;-74;-40;-75
2018-01-27 14:40;-41;-82;-42;-83
2018-01-27 14:50;-47;-87;-42;-89
2018-01-27 15:00;-52;-92;-43;-95
2018-01-27 15:10;-56;-96;-44;-100
2018-01-27 15:20;-60;-97;-45;-105
2018-01-27 15:30;-63;-100;-46;-109
2018-01-27 15:40;-65;-102;-47;-112
2018-01-27 15:50;-67;-104;-47;-114
2018-01-27 16:00;-68;-104;-47;-115
2018-01-27 16:10;-68;-106;-48;-116
2018-01-27 16:20;-68;-106;-49;-117
2018-01-27 16:30;-67;-106;-49;-116
2018-01-27 16:40;-65;-103;-51;-116
2018-01-27 16:50;-63;-102;-52;-115
2018-01-27 17:00;-61;-101;-54;-115
2018-01-27 17:10;-59;-100;-56;-115
2018-01-27 17:20;-58;-100;-57;-115
2018-01-27 17:30;-56;-100;-49;-105
2018-01-27 17:40;-55;-100;-51;-106
2018-01-27 17:50;-54;-100;-52;-106
2018-01-27 18:00;-53;-102;-54;-107
2018-01-27 18:10;-53;-103;-54;-107
2018-01-27 18:20;-53;-106;-54;-107
2018-01-27 18:30;-52;-107;-55;-107
2018-01-27 18:40;-52;-108;-55;-107
2018-01-27 18:50;-52;-108;-55;-107
2018-01-27 19:00;-51;-109;-54;-105
2018-01-27 19:10;-50;-109;-55;-105
2018-01-27 19:20;-49;-105;-53;-102
2018-01-27 19:30;-46;-101;-53;-99
2018-01-27 19:40;-44;-97;-50;-94
2018-01-27 19:50;-40;-94;-48;-88
2018-01-27 20:00;-36;-88;-45;-81
2018-01-27 20:10;-30;-79;-42;-72
2018-01-27 20:20;-24;-69;-38;-62
2018-01-27 20:30;-16;-57;-35;-51
2018-01-27 20:40;-8;-45;-30;-38
2018-01-27 20:50;1;-30;-26;-25
2018-01-27 21:00;11;-13;-22;-11
2018-01-27 21:10;21;3;-17;4
2018-01-27 21:20;31;20;-13;18
2018-01-27 21:30;41;34;-10;31
2018-01-27 21:40;51;46;-10;41
2018-01-27 21:50;61;56;-9;52
2018-01-27 22:00;70;65;-11;59
2018-01-27 22:10;79;70;-13;66
2018-01-27 22:20;87;72;-17;70
2018-01-27 22:30;94;75;-21;73
2018-01-27 22:40;100;75;-25;75
2018-01-27 22:50;104;72;-29;75
2018-01-27 23:00;107;70;-34;73
2018-01-27 23:10;109;64;-37;72
2018-01-27 23:20;109;62;-38;71
2018-01-27 23:30;107;58;-37;70
2018-01-27 23:40;105;57;-36;69
2018-01-27 23:50;101;53;-34;67
2018-01-28 00:00;97;52;-40;57
2018-01-28 00:10;92;49;-36;56
2018-01-28 00:20;87;50;-32;55
2018-01-28 00:30;83;47;-29;54
2018-01-28 00:40;78;45;-25;53
2018-01-28 00:50;73;44;-22;51
2018-01-28 01:00;69;42;-20;49
2018-01-28 01:10;64;39;-18;46
2018-01-28 01:20;59;36;-15;44
2018-01-28 01:30;54;33;-21;33
2018-01-28 01:40;48;30;-17;31
2018-01-28 01:50;41;30;-13;28
2018-01-28 02:00;35;26;-9;26
2018-01-28 02:10;28;22;-3;25
2018-01-28 02:20;21;21;1;22
2018-01-28 02:30;14;19;7;21
2018-01-28 02:40;8;16;10;18
2018-01-28 02:50;1;13;15;16
2018-01-28 03:00;-5;12;19;14
2018-01-28 03:10;-10;9;24;14
2018-01-28 03:20;-16;8;29;13
2018-01-28 03:30;-21;7;32;11
2018-01-28 03:40;-26;8;35;9
2018-01-28 03:50;-30;9;39;9
2018-01-28 04:00;-35;9;41;6
2018-01-28 04:10;-38;8;41;3
2018-01-28 04:20;-42;8;40;-2
2018-01-28 04:30;-44;6;40;-4
2018-01-28 04:40;-46;2;40;-6
2018-01-28 04:50;-47;-1;37;-10
2018-01-28 05:00;-47;-3;34;-13
2018-01-28 05:10;-46;-6;32;-14
2018-01-28 05:20;-45;-8;30;-15
2018-01-28 05:30;-44;-8;28;-16
2018-01-28 05:40;-43;-10;25;-18
2018-01-28 05:50;-42;-11;24;-18
2018-01-28 06:00;-41;-12;25;-16
2018-01-28 06:10;-40;-13;24;-16
2018-01-28 06:20;-40;-14;25;-15
2018-01-28 06:30;-39;-14;24;-15
2018-01-28 06:40;-39;-15;26;-13
2018-01-28 06:50;-38;-13;28;-10
2018-01-28 07:00;-38;-10;31;-7
2018-01-28 07:10;-38;-8;34;-4
2018-01-28 07:20;-37;-3;37;0
2018-01-28 07:30;-36;0;40;4
2018-01-28 07:40;-36;6;44;8
2018-01-28 07:50;-35;11;46;11
2018-01-28 08:00;-33;15;49;16
2018-01-28 08:10;-32;20;53;21
2018-01-28 08:20;-29;25;54;25
2018-01-28 08:30;-26;29;56;30
2018-01-28 08:40;-23;33;59;36
2018-01-28 08:50;-18;39;61;43
2018-01-28 09:00;-12;44;61;49
2018-01-28 09:10;-5;52;61;56
2018-01-28 09:20;2;58;62;64
2018-01-28 09:30;11;65;61;72
2018-01-28 09:40;19;76;63;82
2018-01-28 09:50;28;86;65;93
2018-01-28 10:00;37;96;66;103
2018-01-28 10:10;47;106;67;114
2018-01-28 10:20;56;116;68;124
2018-01-28 10:30;65;125;68;133
2018-01-28 10:40;73;134;68;141
2018-01-28 10:50;81;142;67;148
2018-01-28 11:00;89;145;63;152
2018-01-28 11:10;95;149;60;155
2018-01-28 11:20;100;151;57;157
2018-01-28 11:30;104;152;53;157
2018-01-28 11:40;106;153;51;157
2018-01-28 11:50;106;152;49;155
2018-01-28 12:00;105;150;43;148
2018-01-28 12:10;102;147;44;146
2018-01-28 12:20;98;143;46;144
2018-01-28 12:30;93;140;49;142
2018-01-28 12:40;88;136;51;139
2018-01-28 12:50;83;131;53;136
2018-01-28 13:00;78;128;54;132
2018-01-28 13:10;73;125;56;129
2018-01-28 13:20;68;121;58;126
2018-01-28 13:30;64;115;58;122
2018-01-28 13:40;59;111;58;117
2018-01-28 13:50;54;105;57;111
2018-01-28 14:00;49;98;56;105
2018-01-28 14:10;43;88;55;98
2018-01-28 14:20;36;81;55;91
2018-01-28 14:30;28;73;54;82
2018-01-28 14:40;20;67;53;73
2018-01-28 14:50;12;58;52;64
2018-01-28 15:00;3;51;53;56
2018-01-28 15:10;-5;43;53;48
2018-01-28 15:20;-13;36;52;39
2018-01-28 15:30;-20;26;51;31
2018-01-28 15:40;-27;20;50;23
2018-01-28 15:50;-33;14;49;16
2018-01-28 16:00;-39;6;47;8
2018-01-28 16:10;-45;-3;46;1
2018-01-28 16:20;-49;-9;43;-6
2018-01-28 16:30;-54;-15;41;-13
2018-01-28 16:40;-57;-19;38;-19
2018-01-28 16:50;-60;-24;37;-23
2018-01-28 17:00;-62;-30;36;-26
2018-01-28 17:10;-63;-31;34;-29
2018-01-28 17:20;-63;-35;33;-30
2018-01-28 17:30;-62;-37;32;-30
2018-01-28 17:40;-61;-35;32;-29
2018-01-28 17:50;-60;-35;32;-28
2018-01-28 18:00;-58;-35;31;-27
2018-01-28 18:10;-56;-32;29;-27
2018-01-28 18:20;-55;-32;29;-26
2018-01-28 18:30;-54;-31;26;-28
2018-01-28 18:40;-54;-31;26;-28
2018-01-28 18:50;-53;-33;24;-29
2018-01-28 19:00;-54;-33;23;-31
2018-01-28 19:10;-54;-33;21;-33
2018-01-28 19:20;-54;-35;19;-35
2018-01-28 19:30;-55;-37;18;-37
2018-01-28 19:40;-55;-37;18;-37
2018-01-28 19:50;-55;-36;16;-39
2018-01-28 20:00;-55;-36;15;-40
2018-01-28 20:10;-54;-36;14;-40
2018-01-28 20:20;-53;-36;15;-38
2018-01-28 20:30;-52;-35;15;-37
2018-01-28 20:40;-50;-35;15;-35
2018-01-28 20:50;-47;-33;13;-34
2018-01-28 21:00;-43;-32;12;-31
2018-01-28 21:10;-39;-28;11;-28
2018-01-28 21:20;-33;-24;9;-24
2018-01-28 21:30;-27;-20;7;-20
2018-01-28 21:40;-19;-14;4;-15
2018-01-28 21:50;-11;-9;1;-10
2018-01-28 22:00;-2;-2;0;-2
2018-01-28 22:10;7;6;0;7
2018-01-28 22:20;17;14;-1;16
2018-01-28 22:30;27;24;0;27
2018-01-28 22:40;38;37;1;39
2018-01-28 22:50;48;47;4;52
2018-01-28 23:00;59;59;6;65
2018-01-28 23:10;69;71;8;77
2018-01-28 23:20;79;82;7;86
2018-01-28 23:30;88;91;7;95
2018-01-28 23:40;96;97;6;102
2018-01-28 23:50;102;102;5;107
2018-01-29 00:00;107;104;-5;102
2018-01-29 00:10;110;105;-7;103
2018-01-29 00:20;112;105;-9;103
2018-01-29 00:30;111;103;-8;103
2018-01-29 00:40;109;102;-8;101
2018-01-29 00:50;106;99;-5;101
2018-01-29 01:00;102;97;-2;100
2018-01-29 01:10;98;94;2;100
2018-01-29 01:20;94;90;4;98
2018-01-29 01:30;90;86;4;94
2018-01-29 01:40;86;81;6;92
2018-01-29 01:50;82;76;5;87
2018-01-29 02:00;78;71;5;83
2018-01-29 02:10;74;66;4;78
2018-01-29 02:20;70;60;1;71
2018-01-29 02:30;65;53;-1;64
2018-01-29 02:40;59;44;-1;58
2018-01-29 02:50;52;36;-2;50
2018-01-29 03:00;45;27;-3;42
2018-01-29 03:10;38;19;-5;33
2018-01-29 03:20;30;10;-6;24
2018-01-29 03:30;22;3;-7;15
2018-01-29 03:40;15;-4;-9;6
2018-01-29 03:50;7;-11;-10;-3
2018-01-29 04:00;0;-17;-12;-12
2018-01-29 04:10;-7;-24;-14;-21
2018-01-29 04:20;-13;-30;-17;-30
2018-01-29 04:30;-20;-36;-18;-38
2018-01-29 04:40;-26;-42;-19;-45
2018-01-29 04:50;-32;-48;-19;-51
2018-01-29 05:00;-38;-55;-19;-57
2018-01-29 05:10;-42;-58;-19;-61
2018-01-29 05:20;-46;-61;-18;-64
2018-01-29 05:30;-49;-62;-17;-66
2018-01-29 05:40;-50;-63;-16;-66
2018-01-29 05:50;-51;-63;-16;-67
2018-01-29 06:00;-50;-63;-8;-58
2018-01-29 06:10;-50;-62;-7;-57
2018-01-29 06:20;-48;-60;-7;-55
2018-01-29 06:30;-47;-58;-8;-55
2018-01-29 06:40;-46;-57;-8;-54
2018-01-29 06:50;-45;-55;-10;-55
2018-01-29 07:00;-44;-56;-13;-57
2018-01-29 07:10;-44;-57;-14;-58
2018-01-29 07:20;-43;-56;-17;-60
2018-01-29 07:30;-43;-58;-20;-63
2018-01-29 07:40;-44;-62;-23;-67
2018-01-29 07:50;-44;-66;-27;-71
2018-01-29 08:00;-44;-67;-30;-74
2018-01-29 08:10;-44;-70;-32;-76
2018-01-29 08:20;-45;-71;-31;-76
2018-01-29 08:30;-45;-73;-30;-75
2018-01-29 08:40;-45;-74;-29;-74
2018-01-29 08:50;-45;-72;-27;-72
2018-01-29 09:00;-44;-71;-25;-69
2018-01-29 09:10;-42;-69;-23;-65
2018-01-29 09:20;-40;-67;-23;-63
2018-01-29 09:30;-37;-63;-22;-59
2018-01-29 09:40;-33;-60;-22;-55
2018-01-29 09:50;-28;-54;-22;-50
2018-01-29 10:00;-22;-49;-22;-44
2018-01-29 10:10;-15;-42;-23;-38
2018-01-29 10:20;-7;-35;-24;-31
2018-01-29 10:30;1;-25;-22;-21
2018-01-29 10:40;10;-15;-18;-8
2018-01-29 10:50;19;-2;-11;8
2018-01-29 11:00;28;12;-10;18
2018-01-29 11:10;39;27;-4;35
2018-01-29 11:20;50;42;2;52
2018-01-29 11:30;61;58;6;67
2018-01-29 11:40;72;74;7;79
2018-01-29 11:50;83;86;7;90
2018-01-29 12:00;93;97;5;98
2018-01-29 12:10;102;104;3;105
2018-01-29 12:20;110;109;-1;109
2018-01-29 12:30;115;111;-4;111
2018-01-29 12:40;117;113;-6;111
2018-01-29 12:50;118;111;-8;110
2018-01-29 13:00;116;107;-7;109
2018-01-29 13:10;113;103;-6;107
2018-01-29 13:20;108;100;-1;107
2018-01-29 13:30;104;97;1;105
2018-01-29 13:40;99;93;3;102
2018-01-29 13:50;94;89;6;100
2018-01-29 14:00;90;86;8;98
2018-01-29 14:10;87;83;7;94
2018-01-29 14:20;84;80;5;89
2018-01-29 14:30;80;75;5;85
2018-01-29 14:40;76;72;7;83
2018-01-29 14:50;71;67;7;78
2018-01-29 15:00;66;63;8;74
2018-01-29 15:10;59;58;10;69
2018-01-29 15:20;51;53;13;64
2018-01-29 15:30;42;49;16;58
2018-01-29 15:40;33;42;19;52
2018-01-29 15:50;24;37;22;46
2018-01-29 16:00;15;31;25;40
2018-01-29 16:10;6;25;28;34
2018-01-29 16:20;-2;21;29;27
2018-01-29 16:30;-10;16;32;22
2018-01-29 16:40;-17;13;34;17
2018-01-29 16:50;-24;11;36;12
2018-01-29 17:00;-31;;40;9
2018-01-29 17:10;-38;;44;6
2018-01-29 17:20;-44;;47;3
2018-01-29 17:30;-49;;48;-1
2018-01-29 17:40;-53;;49;-4
2018-01-29 17:50;-56;;50;-6
2018-01-29 18:00;-58;;51;-7
2018-01-29 18:10;-59;;51;-8
2018-01-29 18:20;-59;;50;-9
2018-01-29 18:30;-58;;48;-10
2018-01-29 18:40;-57;;47;-10
2018-01-29 18:50;-55;;42;-13
2018-01-29 19:00;-54;;40;-14
2018-01-29 19:10;-53;;37;-16
2018-01-29 19:20;-52;;35;-17
2018-01-29 19:30;-52;;34;-18
2018-01-29 19:40;-52;;33;-19
2018-01-29 19:50;-53;;34;-19
2018-01-29 20:00;-53;;33;-20
2018-01-29 20:10;-54;;33;-21
2018-01-29 20:20;-55;;34;-21
2018-01-29 20:30;-55;;34;-21
2018-01-29 20:40;-56;;36;-20
2018-01-29 20:50;-56;;38;-18
2018-01-29 21:00;-56;;39;-17
2018-01-29 21:10;-56;;40;-16
2018-01-29 21:20;-55;;43;-12
2018-01-29 21:30;-54;;45;-9
2018-01-29 21:40;-53;;48;-5
2018-01-29 21:50;-50;;49;-1
2018-01-29 22:00;-47;;50;3
2018-01-29 22:10;-43;;51;8
2018-01-29 22:20;-38;;50;12
2018-01-29 22:30;-32;;48;16
2018-01-29 22:40;-26;;48;22
2018-01-29 22:50;-19;;45;26
2018-01-29 23:00;-11;;42;31
2018-01-29 23:10;-3;;41;38
2018-01-29 23:20;6;;39;45
2018-01-29 23:30;16;;38;54
2018-01-29 23:40;27;;38;65
2018-01-29 23:50;39;;38;77
2018-01-30 00:00;52;;40;92
2018-01-30 00:10;64;;42;106
2018-01-30 00:20;77;;42;119
2018-01-30 00:30;89;;41;130
2018-01-30 00:40;99;;40;139
2018-01-30 00:50;107;;39;146
2018-01-30 01:00;113;;36;149
2018-01-30 01:10;116;;34;150
2018-01-30 01:20;117;;32;149
2018-01-30 01:30;116;;31;147
2018-01-30 01:40;113;;31;144
2018-01-30 01:50;109;;31;140
2018-01-30 02:00;106;;31;137
2018-01-30 02:10;102;;33;135
2018-01-30 02:20;98;;36;134
2018-01-30 02:30;95;;37;132
2018-01-30 02:40;93;;36;129
2018-01-30 02:50;90;;35;125
2018-01-30 03:00;86;;34;120
2018-01-30 03:10;82;;32;114
2018-01-30 03:20;77;;30;107
2018-01-30 03:30;71;;29;100
2018-01-30 03:40;64;;28;92
2018-01-30 03:50;56;;27;83
2018-01-30 04:00;48;;26;74
2018-01-30 04:10;39;;26;65
2018-01-30 04:20;31;;25;56
2018-01-30 04:30;22;;24;46
2018-01-30 04:40;14;;22;36
2018-01-30 04:50;5;;21;26
2018-01-30 05:00;-3;;20;17
2018-01-30 05:10;-11;;18;7
2018-01-30 05:20;-19;;17;-2
2018-01-30 05:30;-27;;17;-10
2018-01-30 05:40;-34;;17;-17
2018-01-30 05:50;-41;;17;-24
2018-01-30 06:00;-47;;18;-29
2018-01-30 06:10;-51;;18;-33
2018-01-30 06:20;-54;;19;-35
2018-01-30 06:30;-56;;20;-36
2018-01-30 06:40;-56;;20;-36
2018-01-30 06:50;-55;;20;-35
2018-01-30 07:00;-54;;22;-32
2018-01-30 07:10;-52;;23;-29
2018-01-30 07:20;-50;;24;-26
2018-01-30 07:30;-48;;23;-25
2018-01-30 07:40;-47;;23;-24
2018-01-30 07:50;-46;;21;-25
2018-01-30 08:00;-46;;21;-25
2018-01-30 08:10;-46;;19;-27
2018-01-30 08:20;-47;;18;-29
2018-01-30 08:30;-47;;16;-31
2018-01-30 08:40;-48;;16;-32
2018-01-30 08:50;-49;;16;-33
2018-01-30 09:00;-50;;16;-34
2018-01-30 09:10;-51;;17;-34
2018-01-30 09:20;-52;;18;-34
2018-01-30 09:30;-52;;18;-34
2018-01-30 09:40;-53;;19;-34
2018-01-30 09:50;-52;;19;-33
2018-01-30 10:00;-51;;20;-31
2018-01-30 10:10;-49;;18;-31
2018-01-30 10:20;-46;;17;-29
2018-01-30 10:30;-42;;15;-27
2018-01-30 10:40;-37;;12;-25
2018-01-30 10:50;-32;;10;-22
2018-01-30 11:00;-26;;7;-19
2018-01-30 11:10;-20;;4;-16
2018-01-30 11:20;-13;;1;-12
2018-01-30 11:30;-5;;-3;-8
2018-01-30 11:40;4;;-8;-4
2018-01-30 11:50;13;;-11;2
2018-01-30 12:00;25;;-15;10
2018-01-30 12:10;37;;-17;20
2018-01-30 12:20;51;;-20;31
2018-01-30 12:30;66;;-20;46
2018-01-30 12:40;81;;-19;62
2018-01-30 12:50;95;;-17;78
2018-01-30 13:00;107;;-15;92
2018-01-30 13:10;117;;-15;102
2018-01-30 13:20;125;;-13;112
2018-01-30 13:30;129;;-11;118
2018-01-30 13:40;130;;-9;121
2018-01-30 13:50;129;;-8;121
2018-01-30 14:00;125;;-6;119
2018-01-30 14:10;121;;-5;116
2018-01-30 14:20;116;;-3;113
2018-01-30 14:30;111;;-1;110
2018-01-30 14:40;107;;0;107
2018-01-30 14:50;104;;1;105
2018-01-30 15:00;101;;1;102
2018-01-30 15:10;99;;-1;98
2018-01-30 15:20;96;;-2;94
2018-01-30 15:30;93;;-4;89
2018-01-30 15:40;88;;-7;81
2018-01-30 15:50;82;;-9;73
2018-01-30 16:00;75;;-11;64
2018-01-30 16:10;66;;-11;55
2018-01-30 16:20;57;;-11;46
2018-01-30 16:30;48;;-12;36
2018-01-30 16:40;38;;-12;26
2018-01-30 16:50;29;;-14;15
2018-01-30 17:00;20;;-15;5
2018-01-30 17:10;11;;-17;-6
2018-01-30 17:20;2;;-19;-17
2018-01-30 17:30;-6;;-22;-28
2018-01-30 17:40;-14;;-24;-38
2018-01-30 17:50;-23;;-25;-48
2018-01-30 18:00;-30;;-28;-58
2018-01-30 18:10;-37;;-29;-66
2018-01-30 18:20;-44;;-30;-74
2018-01-30 18:30;-49;;-31;-80
2018-01-30 18:40;-52;;-33;-85
2018-01-30 18:50;-54;;-33;-87
2018-01-30 19:00;-55;;-32;-87
2018-01-30 19:10;-54;;-31;-85
2018-01-30 19:20;-53;;-29;-82
2018-01-30 19:30;-51;;-26;-77
2018-01-30 19:40;-50;;-22;-72
2018-01-30 19:50;-48;;-21;-69
2018-01-30 20:00;-47;;-18;-65
2018-01-30 20:10;-47;;-17;-64
2018-01-30 20:20;-48;;-16;-64
2018-01-30 20:30;-48;;-18;-66
2018-01-30 20:40;-49;;-19;-68
2018-01-30 20:50;-50;;-22;-72
2018-01-30 21:00;-51;;-23;-74
2018-01-30 21:10;-52;;-24;-76
2018-01-30 21:20;-53;;-24;-77
2018-01-30 21:30;-54;;-25;-79
2018-01-30 21:40;-54;;-25;-79
2018-01-30 21:50;-55;;-24;-79
2018-01-30 22:00;-55;;-23;-78
2018-01-30 22:10;-54;;-23;-77
2018-01-30 22:20;-53;;-24;-77
2018-01-30 22:30;-52;;-24;-76
2018-01-30 22:40;-50;;-25;-75
2018-01-30 22:50;-47;;-28;-75
2018-01-30 23:00;-44;;-30;-74
2018-01-30 23:10;-41;;-31;-72
2018-01-30 23:20;-37;;-33;-70
2018-01-30 23:30;-33;;-33;-66
2018-01-30 23:40;-29;;-33;-62
2018-01-30 23:50;-24;;-32;-56
2018-01-31 00:00;-17;;-33;-50
2018-01-31 00:10;-10;;-33;-43
2018-01-31 00:20;0;;-34;-34
2018-01-31 00:30;11;;-34;-23
2018-01-31 00:40;25;;-34;-9
2018-01-31 00:50;39;;-28;11
2018-01-31 01:00;55;;-23;32
2018-01-31 01:10;71;;-17;54
2018-01-31 01:20;85;;-14;71
2018-01-31 01:30;98;;-17;81
2018-01-31 01:40;108;;-20;88
2018-01-31 01:50;116;;-20;96
2018-01-31 02:00;120;;-20;100
2018-01-31 02:10;121;;-19;102
2018-01-31 02:20;120;;-19;101
2018-01-31 02:30;117;;-17;100
2018-01-31 02:40;114;;-15;99
2018-01-31 02:50;110;;-13;97
2018-01-31 03:00;106;;-13;93
2018-01-31 03:10;104;;-14;90
2018-01-31 03:20;101;;-10;91
2018-01-31 03:30;99;;-9;90
2018-01-31 03:40;96;;-13;83
2018-01-31 03:50;93;;-16;77
2018-01-31 04:00;89;;-15;74
2018-01-31 04:10;83;;-14;69
2018-01-31 04:20;76;;-15;61
2018-01-31 04:30;69;;-16;53
2018-01-31 04:40;60;;-15;45
2018-01-31 04:50;50;;-12;38
2018-01-31 05:00;41;;-10;31
2018-01-31 05:10;31;;-7;24
2018-01-31 05:20;22;;-7;15
2018-01-31 05:30;13;;-6;7
2018-01-31 05:40;3;;-4;-1
2018-01-31 05:50;-6;;-4;-10
2018-01-31 06:00;-15;;-3;-18
2018-01-31 06:10;-24;;-2;-26
2018-01-31 06:20;-33;;0;-33
2018-01-31 06:30;-42;;3;-39
2018-01-31 06:40;-49;;6;-43
2018-01-31 06:50;-55;;9;-46
2018-01-31 07:00;-59;;11;-48
2018-01-31 07:10;-62;;12;-50
2018-01-31 07:20;-62;;12;-50
2018-01-31 07:30;-61;;13;-48
2018-01-31 07:40;-59;;15;-44
2018-01-31 07:50;-57;;15;-42
2018-01-31 08:00;-54;;15;-39
2018-01-31 08:10;-51;;13;-38
2018-01-31 08:20;-49;;11;-38
2018-01-31 08:30;-48;;7;-41
2018-01-31 08:40;-47;;3;-44
2018-01-31 08:50;-47;;1;-46
2018-01-31 09:00;-48;;1;-47
2018-01-31 09:10;-49;;-1;-50
2018-01-31 09:20;-50;;-4;-54
2018-01-31 09:30;-51;;-5;-56
2018-01-31 09:40;-53;;-4;-57
2018-01-31 09:50;-54;;-5;-59
2018-01-31 10:00;-56;;-6;-62
2018-01-31 10:10;-57;;-7;-64
2018-01-31 10:20;-58;;-7;-65
2018-01-31 10:30;-57;;-8;-65
2018-01-31 10:40;-57;;-6;-63
2018-01-31 10:50;-55;;-6;-61
2018-01-31 11:00;-53;;-7;-60
2018-01-31 11:10;-50;;-7;-57
2018-01-31 11:20;-46;;-5;-51
2018-01-31 11:30;-42;;-7;-49
2018-01-31 11:40;-38;;-7;-45
2018-01-31 11:50;-33;;-6;-39
2018-01-31 12:00;-28;;-4;-32
2018-01-31 12:10;-23;;-1;-24
2018-01-31 12:20;-16;;1;-15
2018-01-31 12:30;-7;;3;-4
2018-01-31 12:40;3;;8;11
2018-01-31 12:50;16;;13;29
2018-01-31 13:00;31;;20;51
2018-01-31 13:10;48;;28;76
2018-01-31 13:20;66;;33;99
2018-01-31 13:30;84;;31;115
2018-01-31 13:40;101;;27;128
2018-01-31 13:50;115;;23;138
2018-01-31 14:00;127;;19;146
2018-01-31 14:10;135;;16;151
2018-01-31 14:20;139;;13;152
2018-01-31 14:30;140;;10;150
2018-01-31 14:40;138;;10;148
2018-01-31 14:50;134;;10;144
2018-01-31 15:00;129;;12;141
2018-01-31 15:10;124;;18;142
2018-01-31 15:20;120;;20;140
2018-01-31 15:30;116;;19;135
2018-01-31 15:40;113;;20;133
2018-01-31 15:50;111;;21;132
2018-01-31 16:00;109;;19;128
2018-01-31 16:10;106;;18;124
2018-01-31 16:20;102;;17;119
2018-01-31 16:30;97;;17;114
2018-01-31 16:40;90;;20;110
2018-01-31 16:50;82;;20;102
2018-01-31 17:00;73;;22;95
2018-01-31 17:10;64;;23;87
2018-01-31 17:20;54;;27;81
2018-01-31 17:30;45;;28;73
2018-01-31 17:40;35;;30;65
2018-01-31 17:50;26;;31;57
2018-01-31 18:00;17;;34;51
2018-01-31 18:10;8;;34;42
2018-01-31 18:20;-1;;33;32
2018-01-31 18:30;-10;;33;23
2018-01-31 18:40;-19;;35;16
2018-01-31 18:50;-27;;37;10
2018-01-31 19:00;-35;;39;4
2018-01-31 19:10;-41;;40;-1
2018-01-31 19:20;-46;;43;-3
2018-01-31 19:30;-49;;47;-2
2018-01-31 19:40;-50;;50;0
2018-01-31 19:50;-49;;52;3
2018-01-31 20:00;-48;;52;4
2018-01-31 20:10;-46;;51;5
2018-01-31 20:20;-44;;49;5
2018-01-31 20:30;-42;;48;6
2018-01-31 20:40;-41;;44;3
2018-01-31 20:50;-40;;39;-1
2018-01-31 21:00;-41;;38;-3
2018-01-31 21:10;-41;;36;-5
2018-01-31 21:20;-43;;36;-7
2018-01-31 21:30;-44;;36;-8
2018-01-31 21:40;-46;;36;-10
2018-01-31 21:50;-47;;36;-11
2018-01-31 22:00;-49;;37;-12
2018-01-31 22:10;-50;;37;-13
2018-01-31 22:20;-51;;37;-14
2018-01-31 22:30;-51;;37;-14
2018-01-31 22:40;-51;;37;-14
2018-01-31 22:50;-51;;38;-13
2018-01-31 23:00;-51;;40;-11
2018-01-31 23:10;-49;;40;-9
2018-01-31 23:20;-48;;41;-7
2018-01-31 23:30;-46;;40;-6
2018-01-31 23:40;-44;;40;-4
2018-01-31 23:50;-42;;42;0
2018-02-01 00:00;-40;;43;3
2018-02-01 00:10;-38;;44;6
2018-02-01 00:20;-37;;47;10
2018-02-01 00:30;-34;;48;14
2018-02-01 00:40;-31;;50;19
2018-02-01 00:50;-26;;52;26
2018-02-01 01:00;-19;;53;34
2018-02-01 01:10;-9;;53;44
2018-02-01 01:20;3;;53;56
2018-02-01 01:30;18;;55;73
2018-02-01 01:40;35;;59;94
2018-02-01 01:50;53;;62;115
2018-02-01 02:00;71;;62;133
2018-02-01 02:10;87;;58;145
2018-02-01 02:20;101;;53;154
2018-02-01 02:30;112;;50;162
2018-02-01 02:40;119;;49;168
2018-02-01 02:50;123;;47;170
2018-02-01 03:00;123;;45;168
2018-02-01 03:10;122;;44;166
2018-02-01 03:20;118;;46;164
2018-02-01 03:30;115;;48;163
2018-02-01 03:40;111;;46;157
2018-02-01 03:50;108;;42;150
2018-02-01 04:00;106;;42;148
2018-02-01 04:10;104;;42;146
2018-02-01 04:20;101;;40;141
2018-02-01 04:30;99;;37;136
2018-02-01 04:40;95;;34;129
2018-02-01 04:50;90;;33;123
2018-02-01 05:00;83;;33;116
2018-02-01 05:10;75;;34;109
2018-02-01 05:20;67;;35;102
2018-02-01 05:30;57;;37;94
2018-02-01 05:40;47;;39;86
2018-02-01 05:50;37;;40;77
2018-02-01 06:00;27;;41;68
2018-02-01 06:10;16;;43;59
2018-02-01 06:20;6;;45;51
2018-02-01 06:30;-4;;47;43
2018-02-01 06:40;-14;;48;34
2018-02-01 06:50;-24;;49;25
2018-02-01 07:00;-35;;51;16
2018-02-01 07:10;-44;;54;10
2018-02-01 07:20;-53;;58;5
2018-02-01 07:30;-60;;62;2
2018-02-01 07:40;-65;;64;-1
2018-02-01 07:50;-68;;67;-1
2018-02-01 08:00;-69;;71;2
2018-02-01 08:10;-68;;73;5
2018-02-01 08:20;-65;;73;8
2018-02-01 08:30;-62;;73;11
2018-02-01 08:40;-58;;72;14
2018-02-01 08:50;-54;;70;16
2018-02-01 09:00;-51;;68;17
2018-02-01 09:10;-49;;64;15
2018-02-01 09:20;-47;;61;14
2018-02-01 09:30;-47;;59;12
2018-02-01 09:40;-47;;57;10
2018-02-01 09:50;-49;;56;7
2018-02-01 10:00;-50;;55;5
2018-02-01 10:10;-52;;56;4
2018-02-01 10:20;-54;;57;3
2018-02-01 10:30;-56;;57;1
2018-02-01 10:40;-58;;58;0
2018-02-01 10:50;-60;;59;-1
2018-02-01 11:00;-61;;62;1
2018-02-01 11:10;-62;;64;2
2018-02-01 11:20;-61;;65;4
2018-02-01 11:30;-60;;65;5
2018-02-01 11:40;-58;;66;8
2018-02-01 11:50;-55;;66;11
2018-02-01 12:00;-52;;65;13
2018-02-01 12:10;-49;;66;17
2018-02-01 12:20;-46;;67;21
2018-02-01 12:30;-43;;68;25
2018-02-01 12:40;-39;;68;29
2018-02-01 12:50;-35;;68;33
2018-02-01 13:00;-30;;69;39
2018-02-01 13:10;-23;;69;46
2018-02-01 13:20;-14;;67;53
2018-02-01 13:30;-1;;62;61
2018-02-01 13:40;14;;58;72
2018-02-01 13:50;32;;54;86
2018-02-01 14:00;51;;55;106
2018-02-01 14:10;72;;56;128
2018-02-01 14:20;92;;57;149
2018-02-01 14:30;110;;55;165
2018-02-01 14:40;125;;52;177
2018-02-01 14:50;137;;48;185
2018-02-01 15:00;144;;47;191
2018-02-01 15:10;147;;49;196
2018-02-01 15:20;146;;50;196
2018-02-01 15:30;143;;52;195
2018-02-01 15:40;138;;56;194
2018-02-01 15:50;133;;59;192
2018-02-01 16:00;128;;59;187
2018-02-01 16:10;124;;59;183
2018-02-01 16:20;120;;60;180
2018-02-01 16:30;118;;60;178
2018-02-01 16:40;116;;59;175
2018-02-01 16:50;113;;57;170
2018-02-01 17:00;110;;54;164
2018-02-01 17:10;105;;54;159
2018-02-01 17:20;99;;53;152
2018-02-01 17:30;92;;53;145
2018-02-01 17:40;83;;55;138
2018-02-01 17:50;74;;56;130
2018-02-01 18:00;65;;56;121
2018-02-01 18:10;56;;54;110
2018-02-01 18:20;46;;53;99
2018-02-01 18:30;37;;52;89
2018-02-01 18:40;28;;51;79
2018-02-01 18:50;19;;50;69
2018-02-01 19:00;9;;48;57
2018-02-01 19:10;0;;46;46
2018-02-01 19:20;-10;;46;36
2018-02-01 19:30;-19;;46;27
2018-02-01 19:40;-27;;45;18
2018-02-01 19:50;-34;;44;10
2018-02-01 20:00;-40;;44;4
2018-02-01 20:10;-43;;45;2
2018-02-01 20:20;-44;;46;2
2018-02-01 20:30;-44;;47;3
2018-02-01 20:40;-43;;49;6
2018-02-01 20:50;-40;;51;11
2018-02-01 21:00;-38;;53;15
2018-02-01 21:10;-35;;54;19
2018-02-01 21:20;-34;;54;20
2018-02-01 21:30;-33;;52;19
2018-02-01 21:40;-33;;49;16
2018-02-01 21:50;-34;;49;15
2018-02-01 22:00;-36;;50;14
2018-02-01 22:10;-38;;50;12
2018-02-01 22:20;-40;;49;9
2018-02-01 22:30;-42;;49;7
2018-02-01 22:40;-44;;51;7
2018-02-01 22:50;-45;;51;6
2018-02-01 23:00;-47;;51;4
2018-02-01 23:10;-48;;50;2
2018-02-01 23:20;-49;;51;2
2018-02-01 23:30;-49;;52;3
2018-02-01 23:40;-48;;52;4
2018-02-01 23:50;-47;;51;4
2018-02-02 00:00;-46;;50;4
2018-02-02 00:10;-44;;48;4
2018-02-02 00:20;-42;;48;6
2018-02-02 00:30;-41;;49;8
2018-02-02 00:40;-39;;49;10
2018-02-02 00:50;-39;;49;10
2018-02-02 01:00;-38;;50;12
2018-02-02 01:10;-38;;53;15
2018-02-02 01:20;-37;;52;15
2018-02-02 01:30;-34;;52;18
2018-02-02 01:40;-29;;51;22
2018-02-02 01:50;-21;;47;26
2018-02-02 02:00;-10;;41;31
2018-02-02 02:10;4;;34;38
2018-02-02 02:20;21;;28;49
2018-02-02 02:30;39;;24;63
2018-02-02 02:40;59;;22;81
2018-02-02 02:50;77;;25;102
2018-02-02 03:00;93;;28;121
2018-02-02 03:10;107;;29;136
2018-02-02 03:20;116;;30;146
2018-02-02 03:30;122;;34;156
2018-02-02 03:40;124;;38;162
2018-02-02 03:50;124;;41;165
2018-02-02 04:00;121;;44;165
2018-02-02 04:10;118;;45;163
2018-02-02 04:20;114;;46;160
2018-02-02 04:30;111;;44;155
2018-02-02 04:40;108;;44;152
2018-02-02 04:50;106;;41;147
2018-02-02 05:00;104;;37;141
2018-02-02 05:10;102;;35;137
2018-02-02 05:20;98;;35;133
2018-02-02 05:30;93;;33;126
2018-02-02 05:40;87;;32;119
2018-02-02 05:50;80;;31;111
2018-02-02 06:00;71;;32;103
2018-02-02 06:10;61;;33;94
2018-02-02 06:20;51;;33;84
2018-02-02 06:30;40;;35;75
2018-02-02 06:40;30;;34;64
2018-02-02 06:50;19;;34;53
2018-02-02 07:00;8;;32;40
2018-02-02 07:10;-3;;31;28
2018-02-02 07:20;-14;;31;17
2018-02-02 07:30;-25;;31;6
2018-02-02 07:40;-36;;30;-6
2018-02-02 07:50;-46;;28;-18
2018-02-02 08:00;-56;;26;-30
2018-02-02 08:10;-64;;26;-38
2018-02-02 08:20;-70;;24;-46
2018-02-02 08:30;-73;;20;-53
2018-02-02 08:40;-74;;16;-58
2018-02-02 08:50;-74;;13;-61
2018-02-02 09:00;-71;;10;-61
2018-02-02 09:10;-67;;11;-56
2018-02-02 09:20;-63;;14;-49
2018-02-02 09:30;-58;;16;-42
2018-02-02 09:40;-54;;16;-38
2018-02-02 09:50;-51;;17;-34
2018-02-02 10:00;-49;;18;-31
2018-02-02 10:10;-48;;16;-32
2018-02-02 10:20;-48;;15;-33
2018-02-02 10:30;-49;;15;-34
2018-02-02 10:40;-51;;16;-35
2018-02-02 10:50;-53;;14;-39
2018-02-02 11:00;-56;;15;-41
2018-02-02 11:10;-58;;15;-43
2018-02-02 11:20;-61;;17;-44
2018-02-02 11:30;-63;;18;-45
2018-02-02 11:40;-65;;17;-48
2018-02-02 11:50;-66;;15;-51
2018-02-02 12:00;-66;;14;-52
2018-02-02 12:10;-66;;14;-52
2018-02-02 12:20;-64;;13;-51
2018-02-02 12:30;-62;;11;-51
2018-02-02 12:40;-60;;9;-51
2018-02-02 12:50;-57;;8;-49
2018-02-02 13:00;-54;;6;-48
2018-02-02 13:10;-51;;5;-46
2018-02-02 13:20;-48;;5;-43
2018-02-02 13:30;-45;;5;-40
2018-02-02 13:40;-41;;5;-36
2018-02-02 13:50;-34;;3;-31
2018-02-02 14:00;-26;;0;-26
2018-02-02 14:10;-14;;-5;-19
2018-02-02 14:20;1;;-11;-10
2018-02-02 14:30;18;;-15;3
2018-02-02 14:40;39;;-19;20
2018-02-02 14:50;60;;-19;41
2018-02-02 15:00;82;;-15;67
2018-02-02 15:10;102;;-10;92
2018-02-02 15:20;120;;-11;109
2018-02-02 15:30;134;;-15;119
2018-02-02 15:40;144;;-15;129
2018-02-02 15:50;149;;-12;137
2018-02-02 16:00;150;;-10;140
2018-02-02 16:10;148;;-9;139
2018-02-02 16:20;144;;-8;136
2018-02-02 16:30;139;;-4;135
2018-02-02 16:40;134;;-4;130
2018-02-02 16:50;129;;-6;123
2018-02-02 17:00;125;;-6;119
2018-02-02 17:10;122;;-3;119
2018-02-02 17:20;119;;-4;115
2018-02-02 17:30;117;;-8;109
2018-02-02 17:40;113;;-8;105
2018-02-02 17:50;109;;-8;101
2018-02-02 18:00;104;;-8;96
2018-02-02 18:10;97;;-9;88
2018-02-02 18:20;90;;-10;80
2018-02-02 18:30;81;;-10;71
2018-02-02 18:40;72;;-9;63
2018-02-02 18:50;63;;-8;55
2018-02-02 19:00;54;;-8;46
2018-02-02 19:10;45;;-9;36
2018-02-02 19:20;36;;-11;25
2018-02-02 19:30;27;;-11;16
2018-02-02 19:40;17;;-12;5
2018-02-02 19:50;8;;-13;-5
2018-02-02 20:00;-2;;-12;-14
2018-02-02 20:10;-12;;-13;-25
2018-02-02 20:20;-21;;-13;-34
2018-02-02 20:30;-28;;-14;-42
2018-02-02 20:40;-34;;-15;-49
2018-02-02 20:50;-38;;-16;-54
2018-02-02 21:00;-40;;-17;-57
2018-02-02 21:10;-40;;-18;-58
2018-02-02 21:20;-38;;-17;-55
2018-02-02 21:30;-36;;-14;-50
2018-02-02 21:40;-33;;-11;-44
2018-02-02 21:50;-31;;-8;-39
2018-02-02 22:00;-29;;-8;-37
2018-02-02 22:10;-28;;-9;-37
2018-02-02 22:20;-28;;-8;-36
2018-02-02 22:30;-29;;-8;-37
2018-02-02 22:40;-30;;-9;-39
2018-02-02 22:50;-32;;-10;-42
2018-02-02 23:00;-35;;-10;-45
2018-02-02 23:10;-37;;-11;-48
2018-02-02 23:20;-40;;-11;-51
2018-02-02 23:30;-42;;-11;-53
2018-02-02 23:40;-44;;-10;-54
2018-02-02 23:50;-46;;-10;-56
2018-02-03 00:00;-47;;-12;-59
2018-02-03 00:10;-48;;-14;-62
2018-02-03 00:20;-48;;-16;-64
2018-02-03 00:30;-47;;-16;-63
2018-02-03 00:40;-46;;-15;-61
2018-02-03 00:50;-44;;-16;-60
2018-02-03 01:00;-43;;-16;-59
2018-02-03 01:10;-41;;-16;-57
2018-02-03 01:20;-40;;-14;-54
2018-02-03 01:30;-39;;-13;-52
2018-02-03 01:40;-39;;-10;-49
2018-02-03 01:50;-39;;-6;-45
2018-02-03 02:00;-38;;-2;-40
2018-02-03 02:10;-36;;2;-34
2018-02-03 02:20;-32;;5;-27
2018-02-03 02:30;-26;;6;-20
2018-02-03 02:40;-16;;5;-11
2018-02-03 02:50;-3;;4;1
2018-02-03 03:00;13;;5;18
2018-02-03 03:10;31;;10;41
2018-02-03 03:20;50;;16;66
2018-02-03 03:30;69;;19;88
2018-02-03 03:40;86;;18;104
2018-02-03 03:50;101;;12;113
2018-02-03 04:00;112;;10;122
2018-02-03 04:10;120;;10;130
2018-02-03 04:20;123;;11;134
2018-02-03 04:30;124;;11;135
2018-02-03 04:40;122;;12;134
2018-02-03 04:50;120;;11;131
2018-02-03 05:00;116;;11;127
2018-02-03 05:10;113;;8;121
2018-02-03 05:20;110;;8;118
2018-02-03 05:30;108;;10;118
2018-02-03 05:40;106;;7;113
2018-02-03 05:50;103;;4;107
2018-02-03 06:00;100;;5;105
2018-02-03 06:10;95;;7;102
2018-02-03 06:20;90;;7;97
2018-02-03 06:30;82;;8;90
2018-02-03 06:40;74;;11;85
2018-02-03 06:50;64;;13;77
2018-02-03 07:00;54;;15;69
2018-02-03 07:10;44;;17;61
2018-02-03 07:20;33;;21;54
2018-02-03 07:30;22;;25;47
2018-02-03 07:40;11;;27;38
2018-02-03 07:50;0;;29;29
2018-02-03 08:00;-12;;33;21
2018-02-03 08:10;-23;;37;14
2018-02-03 08:20;-35;;41;6
2018-02-03 08:30;-46;;43;-3
2018-02-03 08:40;-56;;46;-10
2018-02-03 08:50;-65;;51;-14
2018-02-03 09:00;-72;;56;-16
2018-02-03 09:10;-76;;58;-18
2018-02-03 09:20;-78;;61;-17
2018-02-03 09:30;-78;;66;-12
2018-02-03 09:40;-76;;68;-8
2018-02-03 09:50;-73;;70;-3
2018-02-03 10:00;-68;;69;1
2018-02-03 10:10;-64;;68;4
2018-02-03 10:20;-60;;65;5
2018-02-03 10:30;-56;;60;4
2018-02-03 10:40;-53;;55;2
2018-02-03 10:50;-52;;52;0
2018-02-03 11:00;-51;;47;-4
2018-02-03 11:10;-52;;46;-6
2018-02-03 11:20;-53;;45;-8
2018-02-03 11:30;-55;;43;-12
2018-02-03 11:40;-57;;41;-16
2018-02-03 11:50;-60;;42;-18
2018-02-03 12:00;-63;;43;-20
2018-02-03 12:10;-66;;46;-20
2018-02-03 12:20;-68;;46;-22
2018-02-03 12:30;-70;;48;-22
2018-02-03 12:40;-71;;51;-20
2018-02-03 12:50;-72;;55;-17
2018-02-03 13:00;-71;;57;-14
2018-02-03 13:10;-70;;58;-12
2018-02-03 13:20;-68;;59;-9
2018-02-03 13:30;-66;;61;-5
2018-02-03 13:40;-63;;62;-1
2018-02-03 13:50;-60;;64;4
2018-02-03 14:00;-57;;67;10
2018-02-03 14:10;-54;;71;17
2018-02-03 14:20;-49;;74;25
2018-02-03 14:30;-43;;75;32
2018-02-03 14:40;-35;;77;42
2018-02-03 14:50;-23;;77;54
2018-02-03 15:00;-9;;78;69
2018-02-03 15:10;8;;80;88
2018-02-03 15:20;28;;82;110
2018-02-03 15:30;50;;84;134
2018-02-03 15:40;72;;86;158
2018-02-03 15:50;93;;83;176
2018-02-03 16:00;112;;76;188
2018-02-03 16:10;127;;71;198
2018-02-03 16:20;139;;67;206
2018-02-03 16:30;146;;63;209
2018-02-03 16:40;149;;59;208
2018-02-03 16:50;148;;58;206
2018-02-03 17:00;146;;58;204
2018-02-03 17:10;141;;59;200
2018-02-03 17:20;136;;59;195
2018-02-03 17:30;131;;61;192
2018-02-03 17:40;127;;62;189
2018-02-03 17:50;124;;64;188
2018-02-03 18:00;120;;65;185
2018-02-03 18:10;117;;64;181
2018-02-03 18:20;114;;65;179
2018-02-03 18:30;110;;64;174
2018-02-03 18:40;105;;61;166
2018-02-03 18:50;99;;60;159
2018-02-03 19:00;92;;61;153
2018-02-03 19:10;85;;62;147
2018-02-03 19:20;77;;62;139
2018-02-03 19:30;69;;61;130
2018-02-03 19:40;60;;62;122
2018-02-03 19:50;51;;64;115
2018-02-03 20:00;43;;62;105
2018-02-03 20:10;34;;61;95
2018-02-03 20:20;24;;61;85
2018-02-03 20:30;14;;62;76
2018-02-03 20:40;5;;62;67
2018-02-03 20:50;-5;;63;58
2018-02-03 21:00;-14;;64;50
2018-02-03 21:10;-22;;64;42
2018-02-03 21:20;-28;;64;36
2018-02-03 21:30;-33;;66;33
2018-02-03 21:40;-36;;70;34
2018-02-03 21:50;-37;;72;35
2018-02-03 22:00;-36;;73;37
2018-02-03 22:10;-34;;74;40
2018-02-03 22:20;-32;;74;42
2018-02-03 22:30;-30;;73;43
2018-02-03 22:40;-28;;73;45
2018-02-03 22:50;-27;;73;46
2018-02-03 23:00;-27;;71;44
2018-02-03 23:10;-27;;68;41
2018-02-03 23:20;-28;;66;38
2018-02-03 23:30;-30;;67;37
2018-02-03 23:40;-32;;67;35
2018-02-03 23:50;-34;;66;32
2018-02-04 00:00;-37;;67;30
